0         1.22
2         1.20
4         1.24
6         1.20
8         1.19
10        1.21
12        1.20
14        1.22
16        1.20
18        1.24
20        1.22
22        1.23
24        1.22
26        1.22
28        1.27
30        1.18
32        1.24
34        1.27
36        1.21
38        1.24
40        1.25
42        1.24
44        1.00
46        0.96
48        1.20
50        0.99
52        1.20
54        1.24
56        1.24
58        0.82
60        0.79
62        0.84
64        1.21
66        1.25
68        1.24
70        1.25
72        1.24
74        1.22
76        1.21
78        0.99
80        0.48
82        0.31
84        0.28
86        0.27
88        0.27
90        0.27
92        0.27
94        0.27
96        0.27
98        0.28
100       0.28
102       0.33
104       0.60
106       0.88
108       0.84
110       0.76
112       0.78
114       0.78
116       0.90
118       0.80
120       0.81
122       0.90
124       1.26
126       1.27
128       1.24
130       1.25
132       1.22
134       1.23
136       0.81
138       0.86
140       1.24
142       1.25
144       1.23
146       1.21
148       0.27
150       0.27
152       0.29
154       0.29
156       0.29
158       0.29
160       0.29
162       0.30
164       1.03
166       1.21
168       1.21
170       1.17
172       1.24
174       1.24
176       1.14
178       1.24
180       1.24