0         1.10
2         0.73
4         0.94
6         0.90
8         1.13
10        1.18
12        1.17
14        1.17
16        1.17
18        0.98
20        1.07
22        1.16
24        1.18
26        1.17
28        1.18
30        1.17
32        1.17
34        1.18
36        1.14
38        1.14
40        1.18
42        1.18
44        1.15
46        1.17
48        0.35
50        0.33
52        0.33
54        0.32
56        0.32
58        0.33
60        0.32
62        0.31
64        0.32
66        0.32
68        0.32
70        0.35
72        0.67
74        1.03
76        1.01
78        0.93
80        0.91
82        1.18
84        1.17
86        1.17
88        1.16
90        1.18
92        1.16
94        1.17
96        1.18
98        1.18
100       1.19
102       1.18
104       1.14
106       1.17
108       1.19
110       1.11
112       1.16
114       1.14
116       0.92
118       0.94
120       0.99
122       1.15
124       1.16
126       1.16
128       1.18
130       1.17
132       1.17
134       0.99
136       1.17
138       1.13
140       1.15
142       1.19
144       1.14
146       1.10
148       0.88
150       0.90
152       1.19
154       1.14
156       1.14
158       1.14
160       1.13
162       1.14
164       1.15
166       1.17
168       1.15
170       1.17
172       1.17
174       1.17
176       1.19
178       0.86
180       0.96