0         0.53
2         0.48
4         0.39
6         0.57
8         0.63
10        0.88
12        0.96
14        0.92
16        1.23
18        0.96
20        0.95
22        0.92
24        0.92
26        0.93
28        0.92
30        0.92
32        0.92
34        0.92
36        0.92
38        0.92
40        0.91
42        0.92
44        0.92
46        0.92
48        0.92
50        0.92
52        0.92
54        0.92
56        0.92
58        0.92
60        0.92
62        0.92
64        0.92
66        0.92
68        0.92
70        0.92
72        0.92
74        0.85
76        1.20
78        0.93
80        0.92
82        0.92
84        0.92
86        0.93
88        0.92
90        0.92
92        0.93
94        0.92
96        0.93
98        0.93
100       0.94
102       0.91
104       0.94
106       1.42
108       0.93
110       0.92
112       0.91
114       0.92
116       0.91
118       0.91
120       0.90
122       0.90
124       0.90
126       0.90
128       0.91
130       0.90
132       0.90
134       0.90
136       0.90
138       0.90
140       0.90
142       0.90
144       0.90
146       0.91
148       0.91
150       0.91
152       0.91
154       0.91
156       0.92
158       0.93
160       0.93
162       0.89
164       1.10
166       0.77
168       1.04
170       1.43
172       0.82
174       0.62
176       1.00
178       1.42
180       1.05