   0         0.56      
2         0.86      
4         0.80      
6         0.54      
8         0.60      
10        0.49      
12        0.63      
14        1.18      
16        0.59      
18        0.56      
20        0.50      
22        0.66      
24        0.63      
26        0.55      
28        0.56      
30        0.56      
32        0.55      
34        0.41      
36        0.38      
38        0.46      
40        0.49      
42        0.56      
44        0.55      
46        0.55      
48        0.55      
50        0.55      
52        0.55      
54        0.55      
56        0.56      
58        0.56      
60        0.56      
62        0.56      
64        0.56      
66        0.56      
68        0.57      
70        0.58      
72        0.58      
74        0.58      
76        0.56      
78        0.86      
80        0.89      
82        0.86      
84        0.85      
86        0.85      
88        0.85      
90        0.89      
92        0.61      
94        0.61      
96        0.60      
98        0.59      
100       0.59      
102       0.59      
104       0.59      
106       0.59      
108       0.58      
110       0.59      
112       0.58      
114       0.58      
116       0.58      
118       0.58      
120       0.58      
122       0.58      
124       0.58      
126       0.58      
128       0.58      
130       0.59      
132       0.59      
134       0.59      
136       0.59      
138       0.59      
140       0.59      
142       0.59      
144       0.59      
146       0.61      
148       0.61      
150       0.60      
152       0.60      
154       0.63      
156       1.20      
158       0.64      
160       0.85      
162       0.53      
164       0.68      
166       0.81      
168       0.64      
170       1.07      
172       1.18      
174       0.86      
176       0.84      
178       1.08      
180       0.64      
